216
Lattice="16.293 0.0 0.0 0.0 16.293 0.0 0.0 0.0 16.293" Properties=id:I:1:species:S:1:pos:R:3
1 Si 0.0 0.0 0.0
2 Si 1.35775 1.35775 1.35775
3 Si 0.0 2.7155 2.7155
4 Si 1.35775 4.07325 4.07325
5 Si 2.7155 0.0 2.7155
6 Si 4.07325 1.35775 4.07325
7 Si 2.7155 2.7155 0.0
8 Si 4.07325 4.07325 1.35775
9 Si 0.0 0.0 5.431
10 Si 1.35775 1.35775 6.78875
11 Si 0.0 2.7155 8.1465
12 Si 1.35775 4.07325 9.50425
13 Si 2.7155 0.0 8.1465
14 Si 4.07325 1.35775 9.50425
15 Si 2.7155 2.7155 5.431
16 Si 4.07325 4.07325 6.78875
17 Si 0.0 0.0 10.862
18 Si 1.35775 1.35775 12.21975
19 Si 0.0 2.7155 13.5775
20 Si 1.35775 4.07325 14.93525
21 Si 2.7155 0.0 13.5775
22 Si 4.07325 1.35775 14.93525
23 Si 2.7155 2.7155 10.862
24 Si 4.07325 4.07325 12.21975
25 Si 0.0 5.431 0.0
26 Si 1.35775 6.78875 1.35775
27 Si 0.0 8.1465 2.7155
28 Si 1.35775 9.50425 4.07325
29 Si 2.7155 5.431 2.7155
30 Si 4.07325 6.78875 4.07325
31 Si 2.7155 8.1465 0.0
32 Si 4.07325 9.50425 1.35775
33 Si 0.0 5.431 5.431
34 Si 1.35775 6.78875 6.78875
35 Si 0.0 8.1465 8.1465
36 Si 1.35775 9.50425 9.50425
37 Si 2.7155 5.431 8.1465
38 Si 4.07325 6.78875 9.50425
39 Si 2.7155 8.1465 5.431
40 Si 4.07325 9.50425 6.78875
41 Si 0.0 5.431 10.862
42 Si 1.35775 6.78875 12.21975
43 Si 0.0 8.1465 13.5775
44 Si 1.35775 9.50425 14.93525
45 Si 2.7155 5.431 13.5775
46 Si 4.07325 6.78875 14.93525
47 Si 2.7155 8.1465 10.862
48 Si 4.07325 9.50425 12.21975
49 Si 0.0 10.862 0.0
50 Si 1.35775 12.21975 1.35775
51 Si 0.0 13.5775 2.7155
52 Si 1.35775 14.93525 4.07325
53 Si 2.7155 10.862 2.7155
54 Si 4.07325 12.21975 4.07325
55 Si 2.7155 13.5775 0.0
56 Si 4.07325 14.93525 1.35775
57 Si 0.0 10.862 5.431
58 Si 1.35775 12.21975 6.78875
59 Si 0.0 13.5775 8.1465
60 Si 1.35775 14.93525 9.50425
61 Si 2.7155 10.862 8.1465
62 Si 4.07325 12.21975 9.50425
63 Si 2.7155 13.5775 5.431
64 Si 4.07325 14.93525 6.78875
65 Si 0.0 10.862 10.862
66 Si 1.35775 12.21975 12.21975
67 Si 0.0 13.5775 13.5775
68 Si 1.35775 14.93525 14.93525
69 Si 2.7155 10.862 13.5775
70 Si 4.07325 12.21975 14.93525
71 Si 2.7155 13.5775 10.862
72 Si 4.07325 14.93525 12.21975
73 Si 5.431 0.0 0.0
74 Si 6.78875 1.35775 1.35775
75 Si 5.431 2.7155 2.7155
76 Si 6.78875 4.07325 4.07325
77 Si 8.1465 0.0 2.7155
78 Si 9.50425 1.35775 4.07325
79 Si 8.1465 2.7155 0.0
80 Si 9.50425 4.07325 1.35775
81 Si 5.431 0.0 5.431
82 Si 6.78875 1.35775 6.78875
83 Si 5.431 2.7155 8.1465
84 Si 6.78875 4.07325 9.50425
85 Si 8.1465 0.0 8.1465
86 Si 9.50425 1.35775 9.50425
87 Si 8.1465 2.7155 5.431
88 Si 9.50425 4.07325 6.78875
89 Si 5.431 0.0 10.862
90 Si 6.78875 1.35775 12.21975
91 Si 5.431 2.7155 13.5775
92 Si 6.78875 4.07325 14.93525
93 Si 8.1465 0.0 13.5775
94 Si 9.50425 1.35775 14.93525
95 Si 8.1465 2.7155 10.862
96 Si 9.50425 4.07325 12.21975
97 Si 5.431 5.431 0.0
98 Si 6.78875 6.78875 1.35775
99 Si 5.431 8.1465 2.7155
100 Si 6.78875 9.50425 4.07325
101 Si 8.1465 5.431 2.7155
102 Si 9.50425 6.78875 4.07325
103 Si 8.1465 8.1465 0.0
104 Si 9.50425 9.50425 1.35775
105 Si 5.431 5.431 5.431
106 Si 6.78875 6.78875 6.78875
107 Si 5.431 8.1465 8.1465
108 Si 6.78875 9.50425 9.50425
109 Si 8.1465 5.431 8.1465
110 Si 9.50425 6.78875 9.50425
111 Si 8.1465 8.1465 5.431
112 Si 9.50425 9.50425 6.78875
113 Si 5.431 5.431 10.862
114 Si 6.78875 6.78875 12.21975
115 Si 5.431 8.1465 13.5775
116 Si 6.78875 9.50425 14.93525
117 Si 8.1465 5.431 13.5775
118 Si 9.50425 6.78875 14.93525
119 Si 8.1465 8.1465 10.862
120 Si 9.50425 9.50425 12.21975
121 Si 5.431 10.862 0.0
122 Si 6.78875 12.21975 1.35775
123 Si 5.431 13.5775 2.7155
124 Si 6.78875 14.93525 4.07325
125 Si 8.1465 10.862 2.7155
126 Si 9.50425 12.21975 4.07325
127 Si 8.1465 13.5775 0.0
128 Si 9.50425 14.93525 1.35775
129 Si 5.431 10.862 5.431
130 Si 6.78875 12.21975 6.78875
131 Si 5.431 13.5775 8.1465
132 Si 6.78875 14.93525 9.50425
133 Si 8.1465 10.862 8.1465
134 Si 9.50425 12.21975 9.50425
135 Si 8.1465 13.5775 5.431
136 Si 9.50425 14.93525 6.78875
137 Si 5.431 10.862 10.862
138 Si 6.78875 12.21975 12.21975
139 Si 5.431 13.5775 13.5775
140 Si 6.78875 14.93525 14.93525
141 Si 8.1465 10.862 13.5775
142 Si 9.50425 12.21975 14.93525
143 Si 8.1465 13.5775 10.862
144 Si 9.50425 14.93525 12.21975
145 Si 10.862 0.0 0.0
146 Si 12.21975 1.35775 1.35775
147 Si 10.862 2.7155 2.7155
148 Si 12.21975 4.07325 4.07325
149 Si 13.5775 0.0 2.7155
150 Si 14.93525 1.35775 4.07325
151 Si 13.5775 2.7155 0.0
152 Si 14.93525 4.07325 1.35775
153 Si 10.862 0.0 5.431
154 Si 12.21975 1.35775 6.78875
155 Si 10.862 2.7155 8.1465
156 Si 12.21975 4.07325 9.50425
157 Si 13.5775 0.0 8.1465
158 Si 14.93525 1.35775 9.50425
159 Si 13.5775 2.7155 5.431
160 Si 14.93525 4.07325 6.78875
161 Si 10.862 0.0 10.862
162 Si 12.21975 1.35775 12.21975
163 Si 10.862 2.7155 13.5775
164 Si 12.21975 4.07325 14.93525
165 Si 13.5775 0.0 13.5775
166 Si 14.93525 1.35775 14.93525
167 Si 13.5775 2.7155 10.862
168 Si 14.93525 4.07325 12.21975
169 Si 10.862 5.431 0.0
170 Si 12.21975 6.78875 1.35775
171 Si 10.862 8.1465 2.7155
172 Si 12.21975 9.50425 4.07325
173 Si 13.5775 5.431 2.7155
174 Si 14.93525 6.78875 4.07325
175 Si 13.5775 8.1465 0.0
176 Si 14.93525 9.50425 1.35775
177 Si 10.862 5.431 5.431
178 Si 12.21975 6.78875 6.78875
179 Si 10.862 8.1465 8.1465
180 Si 12.21975 9.50425 9.50425
181 Si 13.5775 5.431 8.1465
182 Si 14.93525 6.78875 9.50425
183 Si 13.5775 8.1465 5.431
184 Si 14.93525 9.50425 6.78875
185 Si 10.862 5.431 10.862
186 Si 12.21975 6.78875 12.21975
187 Si 10.862 8.1465 13.5775
188 Si 12.21975 9.50425 14.93525
189 Si 13.5775 5.431 13.5775
190 Si 14.93525 6.78875 14.93525
191 Si 13.5775 8.1465 10.862
192 Si 14.93525 9.50425 12.21975
193 Si 10.862 10.862 0.0
194 Si 12.21975 12.21975 1.35775
195 Si 10.862 13.5775 2.7155
196 Si 12.21975 14.93525 4.07325
197 Si 13.5775 10.862 2.7155
198 Si 14.93525 12.21975 4.07325
199 Si 13.5775 13.5775 0.0
200 Si 14.93525 14.93525 1.35775
201 Si 10.862 10.862 5.431
202 Si 12.21975 12.21975 6.78875
203 Si 10.862 13.5775 8.1465
204 Si 12.21975 14.93525 9.50425
205 Si 13.5775 10.862 8.1465
206 Si 14.93525 12.21975 9.50425
207 Si 13.5775 13.5775 5.431
208 Si 14.93525 14.93525 6.78875
209 Si 10.862 10.862 10.862
210 Si 12.21975 12.21975 12.21975
211 Si 10.862 13.5775 13.5775
212 Si 12.21975 14.93525 14.93525
213 Si 13.5775 10.862 13.5775
214 Si 14.93525 12.21975 14.93525
215 Si 13.5775 13.5775 10.862
216 Si 14.93525 14.93525 12.21975
